NAME  Q5F784_NEIG1_111-132
LENG  22
ALPH  amino
RF    no
MM    no
CONS  yes
CS    no
MAP   yes
DATE  Fri Dec  9 15:19:01 2016
NSEQ  8
EFFN  2.847656
CKSUM 3487296641
STATS LOCAL MSV       -6.8090  0.72032
STATS LOCAL VITERBI   -6.7395  0.72032
STATS LOCAL FORWARD   -4.3751  0.72032
HMM          A        C        D        E        F        G        H        I        K        L        M        N        P        Q        R        S        T        V        W        Y
            m->m     m->i     m->d     i->m     i->i     d->m     d->d
  COMPO   2.65411  5.41832  3.33067  3.33250  4.26580  2.32700  3.96957  3.83227  2.76184  3.45801  3.19569  2.09494  2.24878  3.88745  3.87009  2.88655  3.53809  2.94920  2.47312  2.59756
          2.68618  4.42225  2.77519  2.73123  3.46354  2.40513  3.72494  3.29354  2.67741  2.69355  4.24690  2.90347  2.73739  3.18146  2.89801  2.37887  2.77519  2.98518  4.58477  3.61503
          0.01128  4.88641  5.60875  0.61958  0.77255  0.00000        *
      1   4.53668  6.00781  5.22955  5.24677  6.02491  4.64697  6.12988  5.97060  5.41167  5.40211  6.54884  5.43378  0.08901  5.74993  5.44869  4.75324  5.05005  5.47543  6.81634  6.18432      1 P - - -
          2.68618  4.42225  2.77519  2.73123  3.46354  2.40513  3.72494  3.29354  2.67741  2.69355  4.24690  2.90347  2.73739  3.18146  2.89801  2.37887  2.77519  2.98518  4.58477  3.61503
          0.01128  4.88641  5.60875  0.61958  0.77255  0.48576  0.95510
      2   3.46092  6.10113  1.16221  2.59266  5.33393  3.73341  1.93644  4.94053  3.27800  4.39738  5.23572  1.61809  4.35257  3.42561  3.88323  3.33236  3.74702  4.48489  6.50652  4.96611      2 d - - -
          2.68618  4.42225  2.77519  2.73123  3.46354  2.40513  3.72494  3.29354  2.67741  2.69355  4.24690  2.90347  2.73739  3.18146  2.89801  2.37887  2.77519  2.98518  4.58477  3.61503
          0.01128  4.88641  5.60875  0.61958  0.77255  0.48576  0.95510
      3   4.30846  5.87916  5.15088  5.19258  6.13183  0.09104  6.12921  6.07703  5.48207  5.53630  6.58968  5.31950  5.27378  5.73180  5.51279  4.52091  4.84879  5.42615  6.87011  6.29782      3 G - - -
          2.68618  4.42225  2.77519  2.73123  3.46354  2.40513  3.72494  3.29354  2.67741  2.69355  4.24690  2.90347  2.73739  3.18146  2.89801  2.37887  2.77519  2.98518  4.58477  3.61503
          0.01128  4.88641  5.60875  0.61958  0.77255  0.48576  0.95510
      4   2.91461  4.93774  3.41848  1.51815  4.15233  3.77605  3.98427  2.61732  2.78076  3.14694  4.02208  3.35571  4.16442  3.17162  2.23974  3.00495  3.14494  2.09605  5.48879  4.19572      4 e - - -
          2.68618  4.42225  2.77519  2.73123  3.46354  2.40513  3.72494  3.29354  2.67741  2.69355  4.24690  2.90347  2.73739  3.18146  2.89801  2.37887  2.77519  2.98518  4.58477  3.61503
          0.01128  4.88641  5.60875  0.61958  0.77255  0.48576  0.95510
      5   5.35473  6.28372  5.79416  5.77623  4.31334  5.05103  5.58234  5.61059  5.61664  4.79073  6.16118  5.82324  5.64805  5.92925  5.53545  5.56437  5.71928  5.49998  0.09660  4.28377      5 W - - -
          2.68618  4.42225  2.77519  2.73123  3.46354  2.40513  3.72494  3.29354  2.67741  2.69355  4.24690  2.90347  2.73739  3.18146  2.89801  2.37887  2.77519  2.98518  4.58477  3.61503
          0.01128  4.88641  5.60875  0.61958  0.77255  0.48576  0.95510
      6   2.93763  4.49068  4.37106  3.82419  3.73433  3.97376  4.48800  1.81705  3.72626  2.74139  3.70544  4.03842  4.42998  3.97662  3.95300  2.14803  1.41992  2.09095  5.26933  4.06979      6 t - - -
          2.68618  4.42225  2.77519  2.73123  3.46354  2.40513  3.72494  3.29354  2.67741  2.69355  4.24690  2.90347  2.73739  3.18146  2.89801  2.37887  2.77519  2.98518  4.58477  3.61503
          0.01128  4.88641  5.60875  0.61958  0.77255  0.48576  0.95510
      7   4.01996  5.86028  3.87834  3.89932  5.44377  4.26183  5.29718  5.50831  4.37969  5.02214  6.04893  0.19454  4.98298  4.66289  4.69382  4.09938  4.47564  5.00251  6.57937  5.38936      7 N - - -
          2.68618  4.42225  2.77519  2.73123  3.46354  2.40513  3.72494  3.29354  2.67741  2.69355  4.24690  2.90347  2.73739  3.18146  2.89801  2.37887  2.77519  2.98518  4.58477  3.61503
          0.01128  4.88641  5.60875  0.61958  0.77255  0.48576  0.95510
      8   5.35473  6.28372  5.79416  5.77623  4.31334  5.05103  5.58234  5.61059  5.61664  4.79073  6.16118  5.82324  5.64805  5.92925  5.53545  5.56437  5.71928  5.49998  0.09660  4.28377      8 W - - -
          2.68618  4.42225  2.77519  2.73123  3.46354  2.40513  3.72494  3.29354  2.67741  2.69355  4.24690  2.90347  2.73739  3.18146  2.89801  2.37887  2.77519  2.98518  4.58477  3.61503
          0.01128  4.88641  5.60875  0.61958  0.77255  0.48576  0.95510
      9   4.74677  5.86155  5.20656  5.06133  2.52037  5.18102  2.24855  4.59699  4.80945  3.75814  5.09905  4.75875  5.51241  4.86408  4.82750  4.64355  4.96360  4.51200  4.19355  0.40591      9 Y - - -
          2.68618  4.42225  2.77519  2.73123  3.46354  2.40513  3.72494  3.29354  2.67741  2.69355  4.24690  2.90347  2.73739  3.18146  2.89801  2.37887  2.77519  2.98518  4.58477  3.61503
          0.01128  4.88641  5.60875  0.61958  0.77255  0.48576  0.95510
     10   1.82601  4.97256  3.50934  3.28184  5.02509  3.57933  4.57983  4.48490  3.49999  4.10263  4.90861  1.80117  1.09186  3.78376  3.90640  3.03689  3.36441  3.92585  6.29010  4.99936     10 p - - -
          2.68618  4.42225  2.77519  2.73123  3.46354  2.40513  3.72494  3.29354  2.67741  2.69355  4.24690  2.90347  2.73739  3.18146  2.89801  2.37887  2.77519  2.98518  4.58477  3.61503
          0.01128  4.88641  5.60875  0.61958  0.77255  0.48576  0.95510
     11   4.01996  5.86028  3.87834  3.89932  5.44377  4.26183  5.29718  5.50831  4.37969  5.02214  6.04893  0.19454  4.98298  4.66289  4.69382  4.09938  4.47564  5.00251  6.57937  5.38936     11 N - - -
          2.68618  4.42225  2.77519  2.73123  3.46354  2.40513  3.72494  3.29354  2.67741  2.69355  4.24690  2.90347  2.73739  3.18146  2.89801  2.37887  2.77519  2.98518  4.58477  3.61503
          0.01128  4.88641  5.60875  0.61958  0.77255  0.48576  0.95510
     12   4.30846  5.87916  5.15088  5.19258  6.13183  0.09104  6.12921  6.07703  5.48207  5.53630  6.58968  5.31950  5.27378  5.73180  5.51279  4.52091  4.84879  5.42615  6.87011  6.29782     12 G - - -
          2.68618  4.42225  2.77519  2.73123  3.46354  2.40513  3.72494  3.29354  2.67741  2.69355  4.24690  2.90347  2.73739  3.18146  2.89801  2.37887  2.77519  2.98518  4.58477  3.61503
          0.01128  4.88641  5.60875  0.61958  0.77255  0.48576  0.95510
     13   3.08081  5.50960  3.21003  2.72165  4.89642  3.76733  3.92743  4.34476  1.11391  3.80167  4.57798  2.39682  4.18075  2.33614  2.89560  2.38781  3.30224  3.93200  5.90021  4.55314     13 k - - -
          2.68618  4.42225  2.77519  2.73123  3.46354  2.40513  3.72494  3.29354  2.67741  2.69355  4.24690  2.90347  2.73739  3.18146  2.89801  2.37887  2.77519  2.98518  4.58477  3.61503
          0.01128  4.88641  5.60875  0.61958  0.77255  0.48576  0.95510
     14   3.64287  5.57051  4.18291  3.52415  4.71856  4.27316  4.26417  4.04441  0.65105  2.01360  4.57841  3.88969  4.65528  3.43459  2.74969  3.70235  3.82613  3.86770  5.87753  4.68424     14 K - - -
          2.68618  4.42225  2.77519  2.73123  3.46354  2.40513  3.72494  3.29354  2.67741  2.69355  4.24690  2.90347  2.73739  3.18146  2.89801  2.37887  2.77519  2.98518  4.58477  3.61503
          0.01128  4.88641  5.60875  0.61958  0.77255  0.48576  0.95510
     15   3.00446  4.83499  4.23346  3.91649  4.29104  3.76237  4.79865  3.71466  3.82985  1.92060  4.42573  4.06898  4.45259  4.17922  4.08107  0.65469  3.44773  3.43536  5.83559  4.52330     15 S - - -
          2.68618  4.42225  2.77519  2.73123  3.46354  2.40513  3.72494  3.29354  2.67741  2.69355  4.24690  2.90347  2.73739  3.18146  2.89801  2.37887  2.77519  2.98518  4.58477  3.61503
          0.01128  4.88641  5.60875  0.61958  0.77255  0.48576  0.95510
     16   0.21319  5.04936  4.84398  4.79507  5.41389  3.83261  5.63104  4.75099  4.84766  4.55698  5.52415  4.58643  4.65918  5.08321  4.93904  3.42250  3.76765  4.17745  6.68636  5.67730     16 A - - -
          2.68618  4.42225  2.77519  2.73123  3.46354  2.40513  3.72494  3.29354  2.67741  2.69355  4.24690  2.90347  2.73739  3.18146  2.89801  2.37887  2.77519  2.98518  4.58477  3.61503
          0.01128  4.88641  5.60875  0.61958  0.77255  0.48576  0.95510
     17   3.03304  4.71977  4.78189  4.51234  4.42932  3.89237  5.22250  2.91496  4.43035  3.30401  4.38461  4.42726  4.60605  4.69420  4.58073  2.23265  3.48675  0.54272  6.06818  4.84491     17 V - - -
          2.68618  4.42225  2.77519  2.73123  3.46354  2.40513  3.72494  3.29354  2.67741  2.69355  4.24690  2.90347  2.73739  3.18146  2.89801  2.37887  2.77519  2.98518  4.58477  3.61503
          0.01128  4.88641  5.60875  0.61958  0.77255  0.48576  0.95510
     18   4.18510  5.60669  5.39538  5.17914  4.19314  4.78673  5.68958  3.51319  4.91030  2.71947  0.27193  5.30844  5.33272  5.25029  4.97160  4.58017  4.55599  3.62298  6.06465  4.90852     18 M - - -
          2.68618  4.42225  2.77519  2.73123  3.46354  2.40513  3.72494  3.29354  2.67741  2.69355  4.24690  2.90347  2.73739  3.18146  2.89801  2.37887  2.77519  2.98518  4.58477  3.61503
          0.01128  4.88641  5.60875  0.61958  0.77255  0.48576  0.95510
     19   4.53668  6.00781  5.22955  5.24677  6.02491  4.64697  6.12988  5.97060  5.41167  5.40211  6.54884  5.43378  0.08901  5.74993  5.44869  4.75324  5.05005  5.47543  6.81634  6.18432     19 P - - -
          2.68618  4.42225  2.77519  2.73123  3.46354  2.40513  3.72494  3.29354  2.67741  2.69355  4.24690  2.90347  2.73739  3.18146  2.89801  2.37887  2.77519  2.98518  4.58477  3.61503
          0.01128  4.88641  5.60875  0.61958  0.77255  0.48576  0.95510
     20   4.92891  6.00985  5.43906  5.40696  2.98814  5.09332  4.51977  4.86963  5.27171  4.05424  5.43411  5.13391  5.57385  5.29965  5.21548  4.93357  5.23294  4.78782  4.64030  0.18765     20 Y - - -
          2.68618  4.42225  2.77519  2.73123  3.46354  2.40513  3.72494  3.29354  2.67741  2.69355  4.24690  2.90347  2.73739  3.18146  2.89801  2.37887  2.77519  2.98518  4.58477  3.61503
          0.01128  4.88641  5.60875  0.61958  0.77255  0.48576  0.95510
     21   2.11971  5.14361  3.34349  2.78434  4.43658  3.74322  3.92899  3.81947  1.41561  3.42060  4.24156  3.28667  4.14148  2.46619  3.00366  2.97793  3.17854  2.18060  5.64183  4.32853     21 k - - -
          2.68618  4.42225  2.77519  2.73123  3.46354  2.40513  3.72494  3.29354  2.67741  2.69355  4.24690  2.90347  2.73739  3.18146  2.89801  2.37887  2.77519  2.98518  4.58477  3.61503
          0.01128  4.88641  5.60875  0.61958  0.77255  0.48576  0.95510
     22   3.63216  6.38815  1.69137  1.95409  5.64864  3.74913  4.37385  5.23355  3.50651  4.66818  5.55108  0.83065  4.42354  3.54978  4.19460  3.46077  3.94010  4.75253  6.81166  5.20646     22 n - - -
          2.68618  4.42225  2.77519  2.73123  3.46354  2.40513  3.72494  3.29354  2.67741  2.69355  4.24690  2.90347  2.73739  3.18146  2.89801  2.37887  2.77519  2.98518  4.58477  3.61503
          0.00761  4.88274        *  0.61958  0.77255  0.00000        *